id,carrera,puntaje,vacante,observacion,segunda_opcion
785931,DERECHO,691.0,,,
745149,DERECHO,983.625,,,
729580,DERECHO,1088.75,,,
841587,DERECHO,987.125,,,
772196,DERECHO,966.5,,,
725721,DERECHO,928.25,,,
817056,DERECHO,763.875,,,
700768,DERECHO,1005.125,,,
818796,DERECHO,941.375,,,
711558,DERECHO,958.0,,,
830679,DERECHO,612.0,,,
838488,DERECHO,1139.5,,,
744183,DERECHO,1124.625,,,
790703,DERECHO,912.875,,,
843531,DERECHO,661.375,,,
714515,DERECHO,1033.375,,,
699118,DERECHO,851.0,,,
757080,DERECHO,1250.875,,,
822878,DERECHO,978.75,,,
734984,DERECHO,559.375,,,
822976,DERECHO,1079.25,,,
820235,DERECHO,940.875,,,
816138,DERECHO,1062.5,,,
766749,DERECHO,476.25,,,
816679,DERECHO,761.0,,,
767353,DERECHO,1105.875,,,
716042,DERECHO,920.125,,,
745783,DERECHO,920.875,,,
773100,DERECHO,1170.625,,,
752842,DERECHO,581.375,,,
794065,DERECHO,1118.375,,,
761596,DERECHO,1149.75,,,
710828,DERECHO,823.0,,,
720796,DERECHO,1101.125,,,
730364,DERECHO,852.5,,,
771912,DERECHO,651.625,,,
824846,DERECHO,980.625,,,
702589,DERECHO,947.125,,,
733260,DERECHO,792.75,,,
704848,DERECHO,,,AUSENTE,
710035,DERECHO,769.25,,,
800254,DERECHO,533.75,,,
744507,DERECHO,550.0,,,
730446,DERECHO,1017.375,,,
793805,DERECHO,856.375,,,
793495,DERECHO,1125.75,,,
730436,DERECHO,1035.5,,,
710632,DERECHO,1380.5,42.0,ALCANZO VACANTE,
713090,DERECHO,1121.75,,,
699498,DERECHO,1224.0,,,
728361,DERECHO,605.5,,,
736086,DERECHO,1024.25,,,
807383,DERECHO,602.875,,,
705536,DERECHO,1243.875,,,
703474,DERECHO,587.625,,,
837932,DERECHO,569.25,,,
742057,DERECHO,921.375,,,
709281,DERECHO,1143.0,,,
815141,DERECHO,1142.5,,,
748039,DERECHO,789.0,,,
769835,DERECHO,686.875,,,
781815,DERECHO,721.625,,,
801338,DERECHO,1098.375,,,
748579,DERECHO,628.875,,,
822784,DERECHO,849.375,,,
826911,DERECHO,648.75,,,
741496,DERECHO,869.125,,,
808673,DERECHO,597.125,,,
802455,DERECHO,1139.0,,,
821363,DERECHO,250.625,,,
708795,DERECHO,1016.25,,,
838649,DERECHO,765.75,,,
764669,DERECHO,508.5,,,
775019,DERECHO,830.0,,,
823158,DERECHO,1019.625,,,
791097,DERECHO,834.625,,,
741347,DERECHO,663.0,,,
731551,DERECHO,770.375,,,
708570,DERECHO,953.75,,,
820574,DERECHO,1168.5,,,
728447,DERECHO,1241.5,,,
707683,DERECHO,1076.75,,,
766311,DERECHO,654.25,,,
711229,DERECHO,991.625,,,
762894,DERECHO,665.375,,,
774764,DERECHO,611.375,,,
784973,DERECHO,961.875,,,
844243,DERECHO,1085.5,,,
769158,DERECHO,1160.125,,,
708375,DERECHO,707.375,,,
714858,DERECHO,1051.625,,,
824037,DERECHO,1227.5,,,
822891,DERECHO,1000.25,,,
826648,DERECHO,715.5,,,
826671,DERECHO,927.875,,,
843304,DERECHO,549.375,,,
745096,DERECHO,1151.375,,,
805336,DERECHO,1275.875,,,
722294,DERECHO,1328.5,87.0,ALCANZO VACANTE,
775667,DERECHO,1067.625,,,
699688,DERECHO,1083.625,,,
739819,DERECHO,1132.375,,,
695968,DERECHO,1020.25,,,
844346,DERECHO,1092.625,,,
791928,DERECHO,906.625,,,
777183,DERECHO,1144.125,,,
761289,DERECHO,778.125,,,
793535,DERECHO,806.125,,,
740966,DERECHO,750.875,,,
727534,DERECHO,674.5,,,
802428,DERECHO,889.5,,,
815278,DERECHO,887.5,,,
739354,DERECHO,900.875,,,
714416,DERECHO,819.5,,,
709322,DERECHO,1314.25,99.0,ALCANZO VACANTE,
834629,DERECHO,1051.625,,,
747433,DERECHO,1294.875,127.0,ALCANZO VACANTE,
795591,DERECHO,,,AUSENTE,
776044,DERECHO,710.75,,,
727764,DERECHO,814.5,,,
802314,DERECHO,1262.875,,,
803682,DERECHO,824.25,,,
794388,DERECHO,928.125,,,
804916,DERECHO,911.25,,,
838204,DERECHO,898.25,,,
766450,DERECHO,1136.125,,,
776719,DERECHO,762.875,,,
755229,DERECHO,648.0,,,
793455,DERECHO,890.625,,,
791821,DERECHO,873.5,,,
744047,DERECHO,851.25,,,
823848,DERECHO,601.125,,,
701936,DERECHO,726.5,,,
755927,DERECHO,839.25,,,
743520,DERECHO,1353.625,62.0,ALCANZO VACANTE,
776425,DERECHO,1058.5,,,
787420,DERECHO,767.25,,,
772121,DERECHO,902.625,,,
776160,DERECHO,1083.0,,,
776890,DERECHO,659.75,,,
841097,DERECHO,983.125,,,
775876,DERECHO,1038.125,,,
779258,DERECHO,913.875,,,
835558,DERECHO,706.25,,,
792907,DERECHO,1063.625,,,
769870,DERECHO,1016.75,,,
733297,DERECHO,672.25,,,
777973,DERECHO,1027.0,,,
842505,DERECHO,1083.5,,,
749055,DERECHO,761.0,,,
753213,DERECHO,1303.375,116.0,ALCANZO VACANTE,
709969,DERECHO,996.25,,,
703528,DERECHO,1173.25,,,
735653,DERECHO,979.0,,,
811068,DERECHO,637.625,,,
743927,DERECHO,754.125,,,
741311,DERECHO,944.25,,,
801161,DERECHO,778.25,,,
791813,DERECHO,1107.0,,,
756893,DERECHO,518.375,,,
701718,DERECHO,1122.875,,,
792360,DERECHO,880.125,,,
697067,DERECHO,1001.875,,,
803113,DERECHO,679.375,,,
842218,DERECHO,789.0,,,
786382,DERECHO,1062.5,,,
695014,DERECHO,704.0,,,
722168,DERECHO,992.625,,,
800087,DERECHO,911.25,,,
833926,DERECHO,1230.875,,,
834052,DERECHO,997.75,,,
809095,DERECHO,769.0,,,
818451,DERECHO,1041.375,,,
717761,DERECHO,666.75,,,
708742,DERECHO,882.0,,,
797874,DERECHO,492.125,,,
752497,DERECHO,614.875,,,
728371,DERECHO,819.5,,,
760977,DERECHO,1139.5,,,
703218,DERECHO,891.75,,,
836210,DERECHO,764.75,,,
799180,DERECHO,1410.0,32.0,ALCANZO VACANTE,
706590,DERECHO,1282.75,,,
809025,DERECHO,566.625,,,
734937,DERECHO,1106.375,,,
741662,DERECHO,555.875,,,
788887,DERECHO,764.625,,,
796011,DERECHO,893.0,,,
757294,DERECHO,1059.5,,,
721606,DERECHO,694.75,,,
714611,DERECHO,928.25,,,
747820,DERECHO,1329.125,85.0,ALCANZO VACANTE,
796472,DERECHO,548.125,,,
802453,DERECHO,1080.625,,,
828952,DERECHO,970.5,,,
818200,DERECHO,910.0,,,
766651,DERECHO,708.5,,,
721037,DERECHO,876.0,,,
783088,DERECHO,689.0,,,
772440,DERECHO,1080.375,,,
747884,DERECHO,767.25,,,
776125,DERECHO,511.5,,,
831348,DERECHO,868.75,,,
714921,DERECHO,1339.375,73.0,ALCANZO VACANTE,
760914,DERECHO,1164.125,,,
787623,DERECHO,915.75,,,
792200,DERECHO,916.625,,,
813155,DERECHO,1210.375,,,
827101,DERECHO,1134.125,,,
818643,DERECHO,430.75,,,
739964,DERECHO,713.875,,,
816141,DERECHO,585.75,,,
802848,DERECHO,890.625,,,
739828,DERECHO,1127.0,,,
784721,DERECHO,1194.375,,,
781002,DERECHO,1083.875,,,
786198,DERECHO,691.375,,,
770293,DERECHO,1083.625,,,
767586,DERECHO,976.25,,,
762921,DERECHO,1155.375,,,
706896,DERECHO,1095.875,,,
695380,DERECHO,876.25,,,
751462,DERECHO,608.0,,,
821145,DERECHO,1125.875,,,
740269,DERECHO,822.125,,,
773236,DERECHO,1114.375,,,
776134,DERECHO,1105.875,,,
808090,DERECHO,1056.125,,,
826882,DERECHO,1085.75,,,
765680,DERECHO,801.0,,,
734276,DERECHO,823.125,,,
761944,DERECHO,702.875,,,
749194,DERECHO,696.5,,,
804132,DERECHO,788.5,,,
771726,DERECHO,519.75,,,
836287,DERECHO,1062.5,,,
764984,DERECHO,944.0,,,
826091,DERECHO,666.625,,,
794717,DERECHO,1011.375,,,
794751,DERECHO,781.0,,,
739677,DERECHO,840.375,,,
716446,DERECHO,704.5,,,
813494,DERECHO,1057.0,,,
826615,DERECHO,836.375,,,
743213,DERECHO,739.5,,,
800755,DERECHO,850.125,,,
711491,DERECHO,994.125,,,
813029,DERECHO,739.625,,,
799548,DERECHO,658.375,,,
829576,DERECHO,1135.0,,,
781384,DERECHO,963.125,,,
758171,DERECHO,1130.125,,,
811330,DERECHO,1198.375,,,
822901,DERECHO,1288.0,,,
711798,DERECHO,1202.375,,,
761705,DERECHO,963.125,,,
778034,DERECHO,993.375,,,
768057,DERECHO,598.875,,,
805739,DERECHO,1166.25,,,
828628,DERECHO,1579.75,3.0,ALCANZO VACANTE,
812052,DERECHO,523.75,,,
743450,DERECHO,808.375,,,
839581,DERECHO,653.625,,,
827594,DERECHO,848.5,,,
788558,DERECHO,601.125,,,
717267,DERECHO,889.5,,,
836865,DERECHO,967.5,,,
730281,DERECHO,548.625,,,
695190,DERECHO,570.375,,,
838434,DERECHO,773.0,,,
746251,DERECHO,882.625,,,
772279,DERECHO,847.25,,,
703139,DERECHO,966.0,,,
759599,DERECHO,1222.625,,,
795439,DERECHO,707.0,,,
782120,DERECHO,1042.5,,,
754610,DERECHO,967.375,,,
697518,DERECHO,778.125,,,
702402,DERECHO,695.5,,,
784194,DERECHO,646.0,,,
796941,DERECHO,729.0,,,
790914,DERECHO,914.625,,,
775320,DERECHO,691.75,,,
764166,DERECHO,733.25,,,
753694,DERECHO,607.75,,,
803031,DERECHO,910.25,,,
828541,DERECHO,1096.625,,,
754007,DERECHO,1096.75,,,
755684,DERECHO,1005.375,,,
797529,DERECHO,1185.25,,,
833562,DERECHO,885.5,,,
827363,DERECHO,874.125,,,
796257,DERECHO,1063.625,,,
775944,DERECHO,932.125,,,
747262,DERECHO,1057.625,,,
816989,DERECHO,1156.125,,,
797570,DERECHO,1021.375,,,
799124,DERECHO,610.875,,,
776552,DERECHO,626.5,,,
705501,DERECHO,1094.25,,,
743721,DERECHO,1080.0,,,
779632,DERECHO,906.625,,,
709704,DERECHO,1198.375,,,
773223,DERECHO,872.25,,,
758390,DERECHO,759.5,,,
733013,DERECHO,688.625,,,
748844,DERECHO,937.875,,,
754229,DERECHO,1029.25,,,
750820,DERECHO,968.0,,,
758321,DERECHO,1030.75,,,
735135,DERECHO,715.0,,,
802264,DERECHO,766.5,,,
779702,DERECHO,1028.0,,,
727808,DERECHO,694.25,,,
753890,DERECHO,1210.375,,,
779248,DERECHO,724.125,,,
723561,DERECHO,820.25,,,
734204,DERECHO,559.375,,,
736338,DERECHO,1290.25,131.0,ALCANZO VACANTE,
826369,DERECHO,625.125,,,
766484,DERECHO,1161.25,,,
831648,DERECHO,1279.875,,,
728096,DERECHO,1008.25,,,
733773,DERECHO,837.25,,,
698516,DERECHO,1043.0,,,
779425,DERECHO,926.0,,,
770974,DERECHO,783.875,,,
803546,DERECHO,903.625,,,
796709,DERECHO,1289.625,133.0,ALCANZO VACANTE,
706641,DERECHO,671.375,,,
806764,DERECHO,628.375,,,
839073,DERECHO,1004.25,,,
801309,DERECHO,1020.125,,,
721145,DERECHO,757.0,,,
771009,DERECHO,1313.0,102.0,ALCANZO VACANTE,
818944,DERECHO,814.125,,,
771710,DERECHO,1282.875,,,
807332,DERECHO,854.0,,,
799087,DERECHO,1109.875,,,
720924,DERECHO,856.375,,,
838364,DERECHO,867.625,,,
830947,DERECHO,1161.5,,,
824890,DERECHO,769.0,,,
703299,DERECHO,1184.625,,,
829532,DERECHO,898.25,,,
786515,DERECHO,1073.25,,,
745878,DERECHO,1285.625,,,
742221,DERECHO,801.125,,,
826068,DERECHO,1308.0,112.0,ALCANZO VACANTE,
808956,DERECHO,552.625,,,
725468,DERECHO,1059.625,,,
712980,DERECHO,868.375,,,
698961,DERECHO,1212.625,,,
711688,DERECHO,906.625,,,
718138,DERECHO,775.375,,,
837863,DERECHO,1152.125,,,
708728,DERECHO,917.875,,,
784970,DERECHO,753.0,,,
769712,DERECHO,844.375,,,
818457,DERECHO,634.125,,,
767504,DERECHO,1115.0,,,
787569,DERECHO,1050.125,,,
696024,DERECHO,723.25,,,
707557,DERECHO,779.25,,,
701565,DERECHO,862.625,,,
790399,DERECHO,844.375,,,
776314,DERECHO,1192.625,,,
754800,DERECHO,629.125,,,
768249,DERECHO,960.0,,,
807553,DERECHO,1002.5,,,
743242,DERECHO,811.5,,,
709379,DERECHO,1234.25,,,
712683,DERECHO,643.375,,,
701979,DERECHO,581.125,,,
798629,DERECHO,786.25,,,
707178,DERECHO,671.375,,,
792858,DERECHO,419.0,,,
723599,DERECHO,695.875,,,
722569,DERECHO,701.625,,,
841309,DERECHO,717.625,,,
812298,DERECHO,1087.625,,,
759695,DERECHO,666.25,,,
779309,DERECHO,854.5,,,
841103,DERECHO,865.5,,,
759815,DERECHO,1063.625,,,
807347,DERECHO,773.0,,,
843961,DERECHO,882.625,,,
827409,DERECHO,521.0,,,
703177,DERECHO,868.125,,,
697808,DERECHO,1180.0,,,
708956,DERECHO,878.625,,,
740725,DERECHO,985.25,,,
819259,DERECHO,1094.125,,,
791157,DERECHO,930.25,,,
699541,DERECHO,903.0,,,
803300,DERECHO,677.375,,,
804897,DERECHO,973.25,,,
723321,DERECHO,764.625,,,
834907,DERECHO,976.625,,,
834749,DERECHO,961.375,,,
743106,DERECHO,864.25,,,
761209,DERECHO,1242.875,,,
814996,DERECHO,956.875,,,
776047,DERECHO,569.625,,,
800265,DERECHO,803.25,,,
783018,DERECHO,709.625,,,
841179,DERECHO,807.25,,,
814314,DERECHO,777.375,,,
735073,DERECHO,967.5,,,
823554,DERECHO,891.25,,,
780056,DERECHO,537.875,,,
814756,DERECHO,1282.875,,,
820762,DERECHO,736.5,,,
701768,DERECHO,1164.125,,,
701440,DERECHO,700.5,,,
764289,DERECHO,715.125,,,
733222,DERECHO,622.375,,,
752242,DERECHO,636.5,,,
750917,DERECHO,1143.0,,,
773403,DERECHO,1244.625,,,
707100,DERECHO,906.0,,,
802115,DERECHO,932.875,,,
726770,DERECHO,782.625,,,
708978,DERECHO,948.875,,,
752820,DERECHO,567.375,,,
728083,DERECHO,879.625,,,
787762,DERECHO,593.0,,,
774669,DERECHO,734.0,,,
745061,DERECHO,856.375,,,
794126,DERECHO,1227.5,,,
724730,DERECHO,959.125,,,
738632,DERECHO,912.0,,,
697277,DERECHO,562.0,,,
722753,DERECHO,734.625,,,
799359,DERECHO,864.375,,,
706253,DERECHO,502.625,,,
697562,DERECHO,743.875,,,
799939,DERECHO,470.75,,,
819505,DERECHO,,,AUSENTE,
800757,DERECHO,822.0,,,
838129,DERECHO,1087.625,,,
751317,DERECHO,1039.625,,,
792708,DERECHO,622.125,,,
732129,DERECHO,991.125,,,
704611,DERECHO,1043.625,,,
835729,DERECHO,755.5,,,
807697,DERECHO,845.875,,,
731731,DERECHO,645.125,,,
743330,DERECHO,1227.5,,,
711587,DERECHO,773.0,,,
742217,DERECHO,690.625,,,
775159,DERECHO,871.0,,,
834487,DERECHO,1385.875,39.0,ALCANZO VACANTE,
766209,DERECHO,890.375,,,
758093,DERECHO,861.5,,,
722923,DERECHO,781.0,,,
797121,DERECHO,1340.375,72.0,ALCANZO VACANTE,
724524,DERECHO,1092.75,,,
707001,DERECHO,1088.75,,,
707153,DERECHO,787.375,,,
710608,DERECHO,850.25,,,
790645,DERECHO,981.375,,,
818730,DERECHO,949.875,,,
796147,DERECHO,532.25,,,
775889,DERECHO,963.25,,,
766250,DERECHO,625.125,,,
794274,DERECHO,1254.25,,,
814914,DERECHO,753.375,,,
844662,DERECHO,1227.5,,,
753381,DERECHO,1026.25,,,
818202,DERECHO,952.75,,,
767459,DERECHO,854.5,,,
830129,DERECHO,891.125,,,
713678,DERECHO,964.125,,,
839253,DERECHO,1064.625,,,
799533,DERECHO,648.75,,,
787842,DERECHO,918.625,,,
811258,DERECHO,898.625,,,
741571,DERECHO,963.625,,,
772456,DERECHO,617.125,,,
814566,DERECHO,986.25,,,
794157,DERECHO,977.75,,,
700695,DERECHO,774.25,,,
793589,DERECHO,1069.625,,,
774125,DERECHO,1135.0,,,
834638,DERECHO,607.875,,,
822848,DERECHO,789.0,,,
819422,DERECHO,576.75,,,
816315,DERECHO,1258.875,,,
842082,DERECHO,1318.125,96.0,ALCANZO VACANTE,
763755,DERECHO,1153.0,,,
799159,DERECHO,503.125,,,
826888,DERECHO,855.25,,,
705179,DERECHO,907.75,,,
799096,DERECHO,1351.25,64.0,ALCANZO VACANTE,
753641,DERECHO,1093.875,,,
743825,DERECHO,,,AUSENTE,
758550,DERECHO,906.5,,,
737993,DERECHO,610.375,,,
798809,DERECHO,767.875,,,
725238,DERECHO,421.875,,,
823564,DERECHO,646.125,,,
768167,DERECHO,663.25,,,
784109,DERECHO,1056.125,,,
780689,DERECHO,1148.125,,,
796460,DERECHO,619.875,,,
758185,DERECHO,901.75,,,
799771,DERECHO,1097.5,,,
783417,DERECHO,853.5,,,
739023,DERECHO,1111.0,,,
764469,DERECHO,762.75,,,
705059,DERECHO,798.5,,,
818580,DERECHO,1008.0,,,
806237,DERECHO,815.25,,,
738464,DERECHO,904.75,,,
830247,DERECHO,874.0,,,
816778,DERECHO,872.375,,,
823184,DERECHO,734.75,,,
728633,DERECHO,859.75,,,
818189,DERECHO,667.375,,,
778237,DERECHO,755.5,,,
737381,DERECHO,836.875,,,
731517,DERECHO,881.5,,,
725835,DERECHO,816.375,,,
819793,DERECHO,857.25,,,
802883,DERECHO,1200.625,,,
744261,DERECHO,641.625,,,
821344,DERECHO,1025.375,,,
774820,DERECHO,580.75,,,
722195,DERECHO,1346.625,69.0,ALCANZO VACANTE,
806226,DERECHO,876.625,,,
760626,DERECHO,1067.375,,,
751999,DERECHO,979.375,,,
697414,DERECHO,595.0,,,
829963,DERECHO,1343.375,71.0,ALCANZO VACANTE,
793203,DERECHO,1085.875,,,
701124,DERECHO,828.25,,,
777116,DERECHO,579.375,,,
746071,DERECHO,703.5,,,
775980,DERECHO,1073.875,,,
719449,DERECHO,1171.125,,,
842483,DERECHO,801.0,,,
834351,DERECHO,1362.0,58.0,ALCANZO VACANTE,
787216,DERECHO,1103.0,,,
812173,DERECHO,1360.5,59.0,ALCANZO VACANTE,
774303,DERECHO,872.625,,,
699017,DERECHO,1266.875,,,
842041,DERECHO,1282.875,,,
706022,DERECHO,493.125,,,
765514,DERECHO,1183.375,,,
778017,DERECHO,674.25,,,
818208,DERECHO,1039.5,,,
717649,DERECHO,1290.125,132.0,ALCANZO VACANTE,
706672,DERECHO,1071.625,,,
782233,DERECHO,1031.5,,,
768960,DERECHO,1100.5,,,
788882,DERECHO,1030.5,,,
818871,DERECHO,858.625,,,
828869,DERECHO,726.75,,,
766004,DERECHO,1039.625,,,
734393,DERECHO,1330.25,84.0,ALCANZO VACANTE,
736118,DERECHO,808.5,,,
767062,DERECHO,1335.25,80.0,ALCANZO VACANTE,
825016,DERECHO,1016.0,,,
744966,DERECHO,1169.25,,,
771814,DERECHO,1285.625,,,
707191,DERECHO,485.375,,,
748231,DERECHO,987.0,,,
785235,DERECHO,1265.75,,,
785175,DERECHO,838.125,,,
729669,DERECHO,817.375,,,
696369,DERECHO,1034.5,,,
701330,DERECHO,1021.75,,,
728128,DERECHO,543.25,,,
793040,DERECHO,1388.5,37.0,ALCANZO VACANTE,
700777,DERECHO,838.625,,,
791024,DERECHO,1228.0,,,
705479,DERECHO,1099.0,,,
802330,DERECHO,378.0,,,
759364,DERECHO,1131.375,,,
811999,DERECHO,674.25,,,
843888,DERECHO,952.25,,,
783863,DERECHO,796.375,,,
795960,DERECHO,1184.0,,,
834881,DERECHO,,,AUSENTE,
754756,DERECHO,844.5,,,
774053,DERECHO,1066.5,,,
741624,DERECHO,854.0,,,
767175,DERECHO,1121.875,,,
769279,DERECHO,1120.125,,,
759578,DERECHO,610.25,,,
698917,DERECHO,747.875,,,
712117,DERECHO,1063.625,,,
836221,DERECHO,738.5,,,
773282,DERECHO,1033.875,,,
720944,DERECHO,743.5,,,
778544,DERECHO,971.125,,,
720631,DERECHO,818.0,,,
843510,DERECHO,976.5,,,
752706,DERECHO,802.625,,,
746456,DERECHO,1281.75,,,
755043,DERECHO,1219.25,,,
816449,DERECHO,606.875,,,
748073,DERECHO,754.75,,,
695083,DERECHO,1114.25,,,
742501,DERECHO,1166.375,,,
746207,DERECHO,792.875,,,
810149,DERECHO,494.375,,,
743730,DERECHO,831.25,,,
698481,DERECHO,845.5,,,
761527,DERECHO,763.875,,,
749550,DERECHO,1084.375,,,
735910,DERECHO,653.625,,,
796191,DERECHO,830.5,,,
749558,DERECHO,675.625,,,
765784,DERECHO,728.75,,,
794404,DERECHO,725.625,,,
817018,DERECHO,620.5,,,
746318,DERECHO,750.625,,,
842957,DERECHO,515.25,,,
744012,DERECHO,943.75,,,
728618,DERECHO,876.25,,,
798612,DERECHO,742.625,,,
779833,DERECHO,1003.125,,,
760030,DERECHO,1160.125,,,
823762,DERECHO,785.75,,,
816486,DERECHO,818.125,,,
837800,DERECHO,653.375,,,
774822,DERECHO,1052.75,,,
809515,DERECHO,756.875,,,
707232,DERECHO,730.25,,,
828434,DERECHO,764.625,,,
806857,DERECHO,1261.75,,,
731199,DERECHO,1184.0,,,
741651,DERECHO,671.875,,,
745892,DERECHO,1530.0,7.0,ALCANZO VACANTE,
805087,DERECHO,1061.875,,,
753390,DERECHO,1202.375,,,
726906,DERECHO,1083.625,,,
822083,DERECHO,974.5,,,
742923,DERECHO,1132.0,,,
754449,DERECHO,1063.625,,,
800993,DERECHO,1030.5,,,
814828,DERECHO,745.375,,,
730503,DERECHO,821.5,,,
766829,DERECHO,691.875,,,
703840,DERECHO,1094.125,,,
821433,DERECHO,1277.75,,,
717773,DERECHO,1089.875,,,
761744,DERECHO,792.375,,,
713737,DERECHO,1112.0,,,
830452,DERECHO,1020.25,,,
713545,DERECHO,654.625,,,
808084,DERECHO,379.0,,,
838431,DERECHO,1121.25,,,
761176,DERECHO,924.25,,,
738704,DERECHO,544.0,,,
806220,DERECHO,1027.0,,,
751641,DERECHO,734.75,,,
783922,DERECHO,1198.875,,,
740352,DERECHO,1047.625,,,
707996,DERECHO,1051.625,,,
709555,DERECHO,936.25,,,
711118,DERECHO,894.5,,,
808324,DERECHO,739.625,,,
701386,DERECHO,995.125,,,
756379,DERECHO,549.125,,,
748960,DERECHO,638.25,,,
768436,DERECHO,904.75,,,
785213,DERECHO,598.625,,,
836840,DERECHO,444.625,,,
723557,DERECHO,804.875,,,
767295,DERECHO,839.25,,,
798474,DERECHO,461.75,,,
818142,DERECHO,560.875,,,
771423,DERECHO,1186.375,,,
756527,DERECHO,880.875,,,
804369,DERECHO,1229.75,,,
706010,DERECHO,1235.5,,,
800713,DERECHO,817.375,,,
772787,DERECHO,667.125,,,
780047,DERECHO,725.5,,,
751114,DERECHO,1063.625,,,
715451,DERECHO,1046.5,,,
719503,DERECHO,801.0,,,
710505,DERECHO,529.75,,,
785887,DERECHO,1037.375,,,
774416,DERECHO,697.625,,,
725563,DERECHO,979.125,,,
779823,DERECHO,1028.75,,,
811603,DERECHO,803.25,,,
820308,DERECHO,750.75,,,
785163,DERECHO,989.625,,,
822572,DERECHO,860.0,,,
715777,DERECHO,1068.125,,,
732533,DERECHO,920.875,,,
733183,DERECHO,728.375,,,
782499,DERECHO,1006.875,,,
710702,DERECHO,876.125,,,
756492,DERECHO,588.0,,,
803649,DERECHO,873.875,,,
710841,DERECHO,450.125,,,
842809,DERECHO,890.875,,,
801522,DERECHO,549.75,,,
790042,DERECHO,1068.75,,,
841017,DERECHO,646.5,,,
835412,DERECHO,840.875,,,
817525,DERECHO,992.5,,,
841033,DERECHO,951.5,,,
836638,DERECHO,629.0,,,
736736,DERECHO,1225.625,,,
816879,DERECHO,1365.0,55.0,ALCANZO VACANTE,
790254,DERECHO,937.375,,,
797861,DERECHO,726.125,,,
740378,DERECHO,1096.75,,,
784708,DERECHO,497.25,,,
728623,DERECHO,915.75,,,
795401,DERECHO,879.0,,,
743918,DERECHO,985.375,,,
799516,DERECHO,,,AUSENTE,
829099,DERECHO,950.5,,,
716829,DERECHO,867.75,,,
811916,DERECHO,931.75,,,
782501,DERECHO,,,AUSENTE,
823712,DERECHO,1202.375,,,
799961,DERECHO,1008.125,,,
728829,DERECHO,781.25,,,
705624,DERECHO,593.0,,,
709367,DERECHO,1269.5,,,
822497,DERECHO,811.375,,,
795970,DERECHO,860.375,,,
748297,DERECHO,893.5,,,
718010,DERECHO,822.875,,,
792650,DERECHO,745.625,,,
783897,DERECHO,766.75,,,
770287,DERECHO,806.125,,,
769276,DERECHO,591.875,,,
826361,DERECHO,1219.875,,,
802017,DERECHO,931.75,,,
755179,DERECHO,1129.625,,,
781837,DERECHO,856.375,,,
840919,DERECHO,941.0,,,
718392,DERECHO,775.875,,,
782005,DERECHO,1218.75,,,
801777,DERECHO,778.375,,,
738423,DERECHO,309.5,,,
715667,DERECHO,1155.0,,,
825029,DERECHO,782.5,,,
722724,DERECHO,681.125,,,
782614,DERECHO,905.25,,,
769354,DERECHO,771.25,,,
741025,DERECHO,937.125,,,
748600,DERECHO,1277.75,,,
774568,DERECHO,1422.75,24.0,ALCANZO VACANTE,
786545,DERECHO,743.75,,,
769622,DERECHO,926.5,,,
701744,DERECHO,927.75,,,
805197,DERECHO,1310.25,106.0,ALCANZO VACANTE,
844865,DERECHO,1298.875,122.0,ALCANZO VACANTE,
755096,DERECHO,728.625,,,
756581,DERECHO,1079.625,,,
838930,DERECHO,1013.0,,,
841298,DERECHO,677.375,,,
793008,DERECHO,1173.25,,,
731158,DERECHO,1096.875,,,
779299,DERECHO,886.625,,,
839549,DERECHO,1180.5,,,
791198,DERECHO,1092.75,,,
836694,DERECHO,633.125,,,
719430,DERECHO,750.0,,,
744082,DERECHO,1185.25,,,
775723,DERECHO,602.875,,,
708883,DERECHO,662.25,,,
734503,DERECHO,648.375,,,
757070,DERECHO,872.375,,,
828266,DERECHO,1126.375,,,
743536,DERECHO,888.25,,,
727781,DERECHO,915.75,,,
778699,DERECHO,1031.625,,,
767774,DERECHO,1080.75,,,
717861,DERECHO,931.75,,,
814285,DERECHO,1110.125,,,
838614,DERECHO,1052.625,,,
834747,DERECHO,758.5,,,
733474,DERECHO,827.25,,,
696962,DERECHO,935.75,,,
742440,DERECHO,697.375,,,
830000,DERECHO,1309.125,109.0,ALCANZO VACANTE,
830268,DERECHO,488.25,,,
820296,DERECHO,939.0,,,
815050,DERECHO,1149.625,,,
714558,DERECHO,1160.125,,,
753294,DERECHO,856.125,,,
731685,DERECHO,1368.375,53.0,ALCANZO VACANTE,
843084,DERECHO,491.25,,,
792989,DERECHO,1009.0,,,
796705,DERECHO,1310.75,105.0,ALCANZO VACANTE,
705166,DERECHO,1064.75,,,
781561,DERECHO,1062.5,,,
765254,DERECHO,1308.5,110.0,ALCANZO VACANTE,
697514,DERECHO,858.5,,,
770424,DERECHO,695.75,,,
769456,DERECHO,881.5,,,
698749,DERECHO,896.75,,,
769209,DERECHO,881.375,,,
732760,DERECHO,609.875,,,
765584,DERECHO,617.5,,,
748515,DERECHO,677.875,,,
720962,DERECHO,1000.125,,,
838135,DERECHO,686.25,,,
736849,DERECHO,606.875,,,
744065,DERECHO,398.125,,,
724427,DERECHO,569.75,,,
737150,DERECHO,714.375,,,
823321,DERECHO,584.0,,,
770699,DERECHO,1193.25,,,
839210,DERECHO,1180.0,,,
817933,DERECHO,991.625,,,
775996,DERECHO,865.5,,,
739547,DERECHO,479.5,,,
708996,DERECHO,666.125,,,
808617,DERECHO,1346.75,68.0,ALCANZO VACANTE,
725262,DERECHO,667.875,,,
767773,DERECHO,691.875,,,
717312,DERECHO,1014.25,,,
771648,DERECHO,720.5,,,
696577,DERECHO,873.5,,,
775237,DERECHO,1372.5,48.0,ALCANZO VACANTE,
716386,DERECHO,1100.75,,,
818021,DERECHO,878.375,,,
704399,DERECHO,1059.625,,,
731762,DERECHO,675.375,,,
718034,DERECHO,387.25,,,
777859,DERECHO,566.25,,,
783186,DERECHO,535.375,,,
741008,DERECHO,952.875,,,
718989,DERECHO,976.375,,,
717384,DERECHO,688.5,,,
843895,DERECHO,832.875,,,
772209,DERECHO,738.25,,,
839597,DERECHO,1051.0,,,
740694,DERECHO,921.75,,,
711969,DERECHO,1135.0,,,
762851,DERECHO,691.75,,,
836161,DERECHO,750.75,,,
700899,DERECHO,805.25,,,
794283,DERECHO,842.5,,,
784604,DERECHO,509.0,,,
788593,DERECHO,883.125,,,
771837,DERECHO,743.875,,,
743165,DERECHO,886.625,,,
843001,DERECHO,912.875,,,
827003,DERECHO,987.75,,,
760891,DERECHO,744.75,,,
842795,DERECHO,1317.625,97.0,ALCANZO VACANTE,
833423,DERECHO,1115.875,,,
724816,DERECHO,667.25,,,
815881,DERECHO,800.875,,,
797517,DERECHO,650.25,,,
725326,DERECHO,1202.25,,,
832998,DERECHO,1052.0,,,
735181,DERECHO,832.375,,,
826949,DERECHO,1277.75,,,
715250,DERECHO,759.125,,,
817649,DERECHO,715.25,,,
746031,DERECHO,939.5,,,
773141,DERECHO,1200.625,,,
831017,DERECHO,869.875,,,
808081,DERECHO,988.625,,,
793225,DERECHO,834.625,,,
831118,DERECHO,847.375,,,
775352,DERECHO,1311.25,104.0,ALCANZO VACANTE,
739689,DERECHO,1337.125,76.0,ALCANZO VACANTE,
794366,DERECHO,834.375,,,
822351,DERECHO,644.75,,,
714965,DERECHO,1053.5,,,
760190,DERECHO,804.75,,,
837849,DERECHO,1210.375,,,
726037,DERECHO,643.375,,,
789038,DERECHO,676.125,,,
792508,DERECHO,788.0,,,
843339,DERECHO,553.75,,,
698014,DERECHO,777.875,,,
711419,DERECHO,562.625,,,
791792,DERECHO,790.0,,,
739411,DERECHO,771.625,,,
787529,DERECHO,1269.75,,,
843606,DERECHO,484.875,,,
838517,DERECHO,725.875,,,
744707,DERECHO,936.875,,,
755917,DERECHO,775.875,,,
769036,DERECHO,855.75,,,
721954,DERECHO,1467.875,12.0,ALCANZO VACANTE,
697123,DERECHO,700.375,,,
775079,DERECHO,883.75,,,
737838,DERECHO,639.875,,,
841961,DERECHO,997.875,,,
828161,DERECHO,709.625,,,
710530,DERECHO,423.0,,,
735097,DERECHO,975.125,,,
778983,DERECHO,1410.125,31.0,ALCANZO VACANTE,
742581,DERECHO,674.25,,,
788792,DERECHO,1258.875,,,
782606,DERECHO,647.375,,,
839870,DERECHO,552.375,,,
804733,DERECHO,814.375,,,
770776,DERECHO,637.625,,,
734677,DERECHO,875.125,,,
776394,DERECHO,1490.63,9.0,ALCANZO VACANTE,
837675,DERECHO,1154.375,,,
798407,DERECHO,1233.75,,,
715357,DERECHO,554.0,,,
824268,DERECHO,1061.875,,,
771021,DERECHO,761.25,,,
727784,DERECHO,986.25,,,
696434,DERECHO,754.25,,,
780464,DERECHO,566.5,,,
718534,DERECHO,1150.375,,,
707389,DERECHO,665.375,,,
799883,DERECHO,1351.375,63.0,ALCANZO VACANTE,
745989,DERECHO,680.875,,,
758276,DERECHO,1064.625,,,
817425,DERECHO,667.25,,,
700875,DERECHO,781.875,,,
802386,DERECHO,1371.375,49.0,ALCANZO VACANTE,
843213,DERECHO,501.125,,,
759505,DERECHO,1143.875,,,
716857,DERECHO,1245.75,,,
775865,DERECHO,1335.25,79.0,ALCANZO VACANTE,
794460,DERECHO,1023.5,,,
739875,DERECHO,1264.0,,,
762511,DERECHO,951.125,,,
698857,DERECHO,865.75,,,
702928,DERECHO,878.625,,,
765356,DERECHO,894.0,,,
776801,DERECHO,633.375,,,
753454,DERECHO,970.0,,,
842117,DERECHO,1089.125,,,
720280,DERECHO,952.75,,,
796096,DERECHO,898.375,,,
836148,DERECHO,910.625,,,
821556,DERECHO,997.0,,,
817433,DERECHO,471.625,,,
744240,DERECHO,996.25,,,
760001,DERECHO,815.875,,,
816799,DERECHO,1041.375,,,
831904,DERECHO,825.375,,,
757500,DERECHO,802.0,,,
806608,DERECHO,1273.125,,,
781068,DERECHO,594.875,,,
746277,DERECHO,796.375,,,
817926,DERECHO,1172.125,,,
823267,DERECHO,935.75,,,
728099,DERECHO,862.625,,,
755845,DERECHO,680.125,,,
790973,DERECHO,388.0,,,
704781,DERECHO,823.125,,,
750590,DERECHO,1050.5,,,
843809,DERECHO,1127.0,,,
766995,DERECHO,993.375,,,
735362,DERECHO,1124.25,,,
706041,DERECHO,1097.875,,,
760869,DERECHO,1259.375,,,
787153,DERECHO,1178.375,,,
726122,DERECHO,942.875,,,
798180,DERECHO,737.75,,,
817994,DERECHO,871.375,,,
809817,DERECHO,762.5,,,
753839,DERECHO,877.5,,,
769095,DERECHO,744.5,,,
800536,DERECHO,806.0,,,
696990,DERECHO,1177.5,,,
816031,DERECHO,772.875,,,
721385,DERECHO,849.5,,,
725693,DERECHO,982.5,,,
727196,DERECHO,1269.75,,,
842865,DERECHO,1021.125,,,
783438,DERECHO,974.0,,,
751890,DERECHO,795.125,,,
795907,DERECHO,1172.0,,,
840791,DERECHO,1019.625,,,
744180,DERECHO,1349.5,66.0,ALCANZO VACANTE,
774533,DERECHO,1210.375,,,
727562,DERECHO,696.25,,,
833707,DERECHO,959.0,,,
752495,DERECHO,762.625,,,
773164,DERECHO,1334.125,81.0,ALCANZO VACANTE,
759179,DERECHO,658.25,,,
745159,DERECHO,1079.625,,,
797161,DERECHO,828.875,,,
785425,DERECHO,1088.75,,,
741690,DERECHO,791.75,,,
699886,DERECHO,468.125,,,
697739,DERECHO,691.125,,,
766610,DERECHO,810.25,,,
773604,DERECHO,1115.0,,,
771859,DERECHO,898.625,,,
732634,DERECHO,1388.5,38.0,ALCANZO VACANTE,
838937,DERECHO,1192.625,,,
773293,DERECHO,758.625,,,
741148,DERECHO,1181.25,,,
773491,DERECHO,1017.375,,,
822133,DERECHO,,,AUSENTE,
792540,DERECHO,657.875,,,
746005,DERECHO,1139.75,,,
755548,DERECHO,851.0,,,
756789,DERECHO,927.0,,,
719157,DERECHO,1160.625,,,
780509,DERECHO,569.75,,,
822951,DERECHO,1084.125,,,
748790,DERECHO,1181.75,,,
824372,DERECHO,464.875,,,
844996,DERECHO,893.5,,,
748408,DERECHO,1288.0,,,
705031,DERECHO,914.75,,,
819914,DERECHO,730.5,,,
771269,DERECHO,880.75,,,
789067,DERECHO,1453.0,17.0,ALCANZO VACANTE,
829548,DERECHO,663.5,,,
838972,DERECHO,722.5,,,
825089,DERECHO,351.875,,,
816521,DERECHO,1298.875,121.0,ALCANZO VACANTE,
787519,DERECHO,416.875,,,
840247,DERECHO,667.375,,,
839066,DERECHO,860.0,,,
725781,DERECHO,743.875,,,
841770,DERECHO,1096.875,,,
737413,DERECHO,831.375,,,
813809,DERECHO,755.625,,,
706314,DERECHO,692.5,,,
813638,DERECHO,1118.125,,,
736648,DERECHO,895.75,,,
808907,DERECHO,954.625,,,
805873,DERECHO,671.375,,,
843948,DERECHO,1029.375,,,
829605,DERECHO,797.0,,,
798667,DERECHO,887.625,,,
834035,DERECHO,1058.5,,,
728993,DERECHO,584.5,,,
792695,DERECHO,1320.0,95.0,ALCANZO VACANTE,
741290,DERECHO,525.75,,,
818478,DERECHO,1246.75,,,
735950,DERECHO,979.125,,,
793361,DERECHO,1157.625,,,
834813,DERECHO,1216.875,,,
778876,DERECHO,843.25,,,
793434,DERECHO,971.125,,,
812726,DERECHO,666.75,,,
743119,DERECHO,798.5,,,
798591,DERECHO,893.25,,,
726647,DERECHO,905.25,,,
708031,DERECHO,977.25,,,
815154,DERECHO,812.625,,,
722500,DERECHO,985.875,,,
745127,DERECHO,703.375,,,
793810,DERECHO,1084.75,,,
696612,DERECHO,778.0,,,
757126,DERECHO,942.375,,,
698528,DERECHO,1499.125,8.0,ALCANZO VACANTE,
710125,DERECHO,1127.0,,,
841245,DERECHO,1034.375,,,
843907,DERECHO,822.375,,,
719658,DERECHO,810.625,,,
710788,DERECHO,803.75,,,
705608,DERECHO,477.75,,,
695816,DERECHO,840.75,,,
740084,DERECHO,759.875,,,
771723,DERECHO,713.625,,,
798228,DERECHO,983.0,,,
756497,DERECHO,639.375,,,
764244,DERECHO,1309.5,107.0,ALCANZO VACANTE,
823845,DERECHO,746.5,,,
755652,DERECHO,694.75,,,
840360,DERECHO,1358.75,60.0,ALCANZO VACANTE,
800934,DERECHO,,,AUSENTE,
729249,DERECHO,1055.0,,,
827322,DERECHO,1469.0,10.0,ALCANZO VACANTE,
821120,DERECHO,867.125,,,
745231,DERECHO,1269.75,,,
772524,DERECHO,801.0,,,
807092,DERECHO,643.25,,,
769250,DERECHO,515.5,,,
758684,DERECHO,1076.75,,,
823797,DERECHO,1081.25,,,
822842,DERECHO,938.0,,,
698443,DERECHO,845.25,,,
771990,DERECHO,1366.0,54.0,ALCANZO VACANTE,
753192,DERECHO,751.0,,,
800158,DERECHO,975.0,,,
733300,DERECHO,1261.75,,,
755492,DERECHO,816.75,,,
804442,DERECHO,746.75,,,
774903,DERECHO,1124.125,,,
814302,DERECHO,597.5,,,
731933,DERECHO,462.5,,,
804591,DERECHO,1273.125,,,
814652,DERECHO,1469.0,11.0,ALCANZO VACANTE,
698222,DERECHO,1215.5,,,
812492,DERECHO,821.25,,,
836951,DERECHO,833.875,,,
807881,DERECHO,991.125,,,
766888,DERECHO,526.125,,,
783622,DERECHO,553.75,,,
799084,DERECHO,546.75,,,
763557,DERECHO,932.125,,,
697704,DERECHO,487.5,,,
723593,DERECHO,625.75,,,
809619,DERECHO,1282.125,,,
725649,DERECHO,797.125,,,
793206,DERECHO,886.75,,,
826163,DERECHO,890.0,,,
708504,DERECHO,890.5,,,
730492,DERECHO,728.875,,,
708755,DERECHO,948.625,,,
740737,DERECHO,889.5,,,
816446,DERECHO,859.125,,,
718882,DERECHO,1275.875,,,
761141,DERECHO,578.25,,,
749378,DERECHO,682.0,,,
726656,DERECHO,1083.625,,,
772908,DERECHO,1463.75,13.0,ALCANZO VACANTE,
695200,DERECHO,714.375,,,
717232,DERECHO,1244.0,,,
735814,DERECHO,1067.625,,,
821069,DERECHO,746.75,,,
758807,DERECHO,1101.875,,,
722510,DERECHO,919.75,,,
794201,DERECHO,1108.0,,,
722838,DERECHO,1406.75,35.0,ALCANZO VACANTE,
801102,DERECHO,869.0,,,
759463,DERECHO,670.5,,,
775670,DERECHO,1011.5,,,
746274,DERECHO,783.25,,,
746895,DERECHO,577.75,,,
750855,DERECHO,809.0,,,
774237,DERECHO,737.625,,,
775263,DERECHO,1164.125,,,
840020,DERECHO,763.75,,,
753538,DERECHO,721.625,,,
751007,DERECHO,1001.375,,,
752251,DERECHO,1298.75,125.0,ALCANZO VACANTE,
730184,DERECHO,1168.125,,,
807291,DERECHO,682.625,,,
817058,DERECHO,860.625,,,
737889,DERECHO,694.5,,,
696647,DERECHO,709.0,,,
752232,DERECHO,1294.875,128.0,ALCANZO VACANTE,
800758,DERECHO,1165.25,,,
785047,DERECHO,675.75,,,
838762,DERECHO,872.375,,,
805255,DERECHO,915.75,,,
788296,DERECHO,676.5,,,
821489,DERECHO,845.125,,,
780973,DERECHO,841.5,,,
806653,DERECHO,681.375,,,
786243,DERECHO,1561.5,4.0,ALCANZO VACANTE,
720975,DERECHO,755.25,,,
730460,DERECHO,627.875,,,
747676,DERECHO,824.75,,,
807520,DERECHO,869.625,,,
714555,DERECHO,741.5,,,
778636,DERECHO,1050.25,,,
790796,DERECHO,606.875,,,
731406,DERECHO,994.5,,,
711298,DERECHO,645.75,,,
746159,DERECHO,564.75,,,
812113,DERECHO,1175.5,,,
761658,DERECHO,744.25,,,
734488,DERECHO,846.25,,,
809018,DERECHO,737.625,,,
831153,DERECHO,671.875,,,
764343,DERECHO,870.625,,,
829882,DERECHO,545.75,,,
760146,DERECHO,840.75,,,
770491,DERECHO,999.125,,,
843989,DERECHO,645.125,,,
796399,DERECHO,1093.875,,,
746170,DERECHO,679.375,,,
741855,DERECHO,927.75,,,
773470,DERECHO,903.0,,,
726145,DERECHO,620.25,,,
823754,DERECHO,1182.375,,,
742477,DERECHO,610.875,,,
791508,DERECHO,661.25,,,
804271,DERECHO,482.25,,,
739718,DERECHO,425.5,,,
744956,DERECHO,881.5,,,
736014,DERECHO,1274.75,,,
739055,DERECHO,1221.125,,,
702362,DERECHO,1324.5,91.0,ALCANZO VACANTE,
774793,DERECHO,749.5,,,
726005,DERECHO,1164.125,,,
777344,DERECHO,810.5,,,
841621,DERECHO,924.625,,,
828701,DERECHO,,,AUSENTE,
758431,DERECHO,1097.125,,,
824941,DERECHO,1050.5,,,
835675,DERECHO,684.125,,,
736853,DERECHO,911.75,,,
747486,DERECHO,765.0,,,
749874,DERECHO,891.125,,,
695191,DERECHO,629.875,,,
785751,DERECHO,796.375,,,
841737,DERECHO,983.5,,,
736426,DERECHO,964.25,,,
835147,DERECHO,1064.5,,,
794321,DERECHO,1024.125,,,
709916,DERECHO,430.75,,,
754285,DERECHO,590.875,,,
696324,DERECHO,737.625,,,
768011,DERECHO,928.875,,,
777972,DERECHO,565.75,,,
835688,DERECHO,693.375,,,
765934,DERECHO,1245.125,,,
701538,DERECHO,1244.0,,,
714657,DERECHO,716.375,,,
761479,DERECHO,839.5,,,
749207,DERECHO,1174.375,,,
825425,DERECHO,1312.875,103.0,ALCANZO VACANTE,
763105,DERECHO,379.75,,,
759050,DERECHO,1101.25,,,
758770,DERECHO,1031.875,,,
771963,DERECHO,806.125,,,
782959,DERECHO,639.625,,,
783717,DERECHO,966.0,,,
766001,DERECHO,1237.75,,,
787952,DERECHO,1223.5,,,
783929,DERECHO,1452.125,19.0,ALCANZO VACANTE,
822680,DERECHO,1122.125,,,
755631,DERECHO,1000.25,,,
813989,DERECHO,1335.375,78.0,ALCANZO VACANTE,
712945,DERECHO,878.625,,,
822000,DERECHO,1056.0,,,
799482,DERECHO,706.125,,,
792771,DERECHO,868.125,,,
717930,DERECHO,1418.75,25.0,ALCANZO VACANTE,
789655,DERECHO,987.375,,,
782486,DERECHO,1067.625,,,
748285,DERECHO,667.875,,,
763474,DERECHO,554.875,,,
722665,DERECHO,1026.5,,,
763824,DERECHO,877.5,,,
708063,DERECHO,,,AUSENTE,
807932,DERECHO,929.75,,,
700904,DERECHO,531.5,,,
771075,DERECHO,1265.625,,,
738520,DERECHO,1182.875,,,
707942,DERECHO,638.25,,,
754948,DERECHO,1079.625,,,
806606,DERECHO,716.875,,,
772250,DERECHO,588.125,,,
818767,DERECHO,778.625,,,
820153,DERECHO,1198.375,,,
701455,DERECHO,620.125,,,
784488,DERECHO,584.25,,,
726649,DERECHO,856.375,,,
768215,DERECHO,836.375,,,
768091,DERECHO,1223.5,,,
707958,DERECHO,723.25,,,
790529,DERECHO,547.25,,,
833603,DERECHO,880.875,,,
702075,DERECHO,727.875,,,
840087,DERECHO,1206.375,,,
798589,DERECHO,1294.875,129.0,ALCANZO VACANTE,
777577,DERECHO,612.0,,,
797476,DERECHO,641.875,,,
725058,DERECHO,906.875,,,
724947,DERECHO,806.125,,,
705191,DERECHO,719.25,,,
728738,DERECHO,920.25,,,
809587,DERECHO,497.25,,,
818991,DERECHO,488.875,,,
719882,DERECHO,1076.75,,,
702063,DERECHO,996.0,,,
774183,DERECHO,1277.0,,,
714090,DERECHO,1266.875,,,
725673,DERECHO,1072.5,,,
761618,DERECHO,573.125,,,
837857,DERECHO,927.125,,,
833464,DERECHO,1017.375,,,
798306,DERECHO,1185.25,,,
837920,DERECHO,714.75,,,
839258,DERECHO,1097.875,,,
727155,DERECHO,1127.0,,,
782114,DERECHO,684.625,,,
697391,DERECHO,763.5,,,
783896,DERECHO,1180.875,,,
751812,DERECHO,818.125,,,
747780,DERECHO,523.5,,,
825955,DERECHO,,,AUSENTE,
779334,DERECHO,,,AUSENTE,
702937,DERECHO,991.125,,,
713156,DERECHO,902.5,,,
784269,DERECHO,609.125,,,
743431,DERECHO,540.625,,,
778058,DERECHO,766.75,,,
789099,DERECHO,756.875,,,
789906,DERECHO,1247.25,,,
765271,DERECHO,980.25,,,
808948,DERECHO,801.0,,,
823227,DERECHO,993.875,,,
699966,DERECHO,873.375,,,
821564,DERECHO,1212.625,,,
716250,DERECHO,968.0,,,
796316,DERECHO,768.625,,,
780796,DERECHO,915.75,,,
718323,DERECHO,1410.75,30.0,ALCANZO VACANTE,
726208,DERECHO,609.125,,,
842013,DERECHO,590.125,,,
765471,DERECHO,712.875,,,
835311,DERECHO,840.375,,,
698797,DERECHO,717.125,,,
825944,DERECHO,1010.25,,,
748424,DERECHO,902.5,,,
802718,DERECHO,1001.375,,,
758377,DERECHO,759.875,,,
834825,DERECHO,693.0,,,
817826,DERECHO,775.625,,,
782858,DERECHO,582.25,,,
825414,DERECHO,715.125,,,
841593,DERECHO,1089.875,,,
702289,DERECHO,692.5,,,
799759,DERECHO,523.75,,,
819031,DERECHO,762.625,,,
762880,DERECHO,753.875,,,
704188,DERECHO,812.25,,,
781593,DERECHO,972.25,,,
730954,DERECHO,552.25,,,
835811,DERECHO,695.75,,,
786863,DERECHO,537.75,,,
765436,DERECHO,977.875,,,
834500,DERECHO,554.875,,,
773713,DERECHO,1200.625,,,
744253,DERECHO,1322.75,93.0,ALCANZO VACANTE,
810490,DERECHO,797.25,,,
735843,DERECHO,875.375,,,
729985,DERECHO,1236.625,,,
754853,DERECHO,1075.625,,,
725434,DERECHO,742.75,,,
769439,DERECHO,936.875,,,
803402,DERECHO,904.875,,,
801276,DERECHO,705.25,,,
814251,DERECHO,1214.375,,,
751347,DERECHO,1002.5,,,
712755,DERECHO,731.625,,,
771439,DERECHO,847.625,,,
810454,DERECHO,579.0,,,
742081,DERECHO,675.625,,,
816083,DERECHO,1209.75,,,
746665,DERECHO,735.875,,,
695749,DERECHO,,,AUSENTE,
739661,DERECHO,733.625,,,
813569,DERECHO,733.375,,,
787200,DERECHO,770.375,,,
819288,DERECHO,872.375,,,
844379,DERECHO,1132.625,,,
828484,DERECHO,919.75,,,
730976,DERECHO,863.0,,,
767567,DERECHO,1109.875,,,
751516,DERECHO,524.625,,,
794072,DERECHO,736.875,,,
835065,DERECHO,668.5,,,
753801,DERECHO,696.25,,,
788024,DERECHO,707.75,,,
725343,DERECHO,1408.875,34.0,ALCANZO VACANTE,
839013,DERECHO,714.875,,,
733225,DERECHO,489.375,,,
723066,DERECHO,1009.375,,,
794236,DERECHO,1304.0,115.0,ALCANZO VACANTE,
793287,DERECHO,791.25,,,
741865,DERECHO,532.375,,,
716122,DERECHO,813.25,,,
805431,DERECHO,753.75,,,
832583,DERECHO,1375.375,46.0,ALCANZO VACANTE,
744536,DERECHO,585.5,,,
839622,DERECHO,684.375,,,
807865,DERECHO,1236.625,,,
700073,DERECHO,539.25,,,
776614,DERECHO,1139.0,,,
811892,DERECHO,950.0,,,
745073,DERECHO,1041.875,,,
812545,DERECHO,1338.75,74.0,ALCANZO VACANTE,
827270,DERECHO,1063.625,,,
733190,DERECHO,1115.875,,,
844608,DERECHO,1042.5,,,
738634,DERECHO,1238.75,,,
753546,DERECHO,1027.5,,,
785722,DERECHO,1024.25,,,
699833,DERECHO,908.125,,,
841210,DERECHO,1030.875,,,
759471,DERECHO,932.75,,,
705277,DERECHO,659.625,,,
787585,DERECHO,690.0,,,
708235,DERECHO,991.125,,,
776491,DERECHO,419.625,,,
801073,DERECHO,1039.375,,,
755623,DERECHO,851.0,,,
741256,DERECHO,869.5,,,
735886,DERECHO,951.125,,,
697435,DERECHO,931.75,,,
802223,DERECHO,1089.0,,,
828910,DERECHO,692.5,,,
755864,DERECHO,905.25,,,
748475,DERECHO,834.125,,,
823618,DERECHO,1214.25,,,
762872,DERECHO,1028.75,,,
799064,DERECHO,598.375,,,
700527,DERECHO,1164.125,,,
698837,DERECHO,654.125,,,
785535,DERECHO,1127.0,,,
748603,DERECHO,1173.25,,,
783253,DERECHO,1172.125,,,
823775,DERECHO,506.375,,,
758810,DERECHO,804.875,,,
759075,DERECHO,1073.0,,,
712651,DERECHO,718.875,,,
701084,DERECHO,1145.25,,,
757420,DERECHO,1189.25,,,
781487,DERECHO,1143.0,,,
824992,DERECHO,546.875,,,
764564,DERECHO,,,AUSENTE,
739961,DERECHO,1069.75,,,
721135,DERECHO,866.25,,,
825777,DERECHO,1076.125,,,
794987,DERECHO,998.875,,,
761990,DERECHO,1278.25,,,
785625,DERECHO,737.625,,,
790886,DERECHO,881.5,,,
789802,DERECHO,721.625,,,
794474,DERECHO,846.625,,,
749684,DERECHO,605.125,,,
835677,DERECHO,948.875,,,
747587,DERECHO,766.75,,,
792653,DERECHO,1092.125,,,
751579,DERECHO,904.875,,,
754042,DERECHO,949.25,,,
840437,DERECHO,996.25,,,
726593,DERECHO,828.25,,,
721427,DERECHO,1354.25,61.0,ALCANZO VACANTE,
702546,DERECHO,738.875,,,
789727,DERECHO,797.5,,,
766902,DERECHO,1084.75,,,
804528,DERECHO,779.875,,,
839076,DERECHO,1131.375,,,
749555,DERECHO,776.625,,,
785826,DERECHO,773.5,,,
807057,DERECHO,710.75,,,
745961,DERECHO,1240.0,,,
755930,DERECHO,1239.5,,,
763433,DERECHO,1263.375,,,
810386,DERECHO,821.375,,,
798035,DERECHO,1086.75,,,
723890,DERECHO,863.625,,,
785080,DERECHO,670.25,,,
706525,DERECHO,839.25,,,
830527,DERECHO,749.625,,,
748032,DERECHO,1297.125,126.0,ALCANZO VACANTE,
796116,DERECHO,910.0,,,
792487,DERECHO,1095.25,,,
746788,DERECHO,1029.875,,,
821700,DERECHO,862.25,,,
732693,DERECHO,1284.0,,,
826099,DERECHO,1025.375,,,
703158,DERECHO,376.75,,,
705393,DERECHO,556.75,,,
843676,DERECHO,860.375,,,
809322,DERECHO,931.75,,,
837758,DERECHO,1174.375,,,
759511,DERECHO,1140.125,,,
724818,DERECHO,910.0,,,
831023,DERECHO,1034.375,,,
764904,DERECHO,833.5,,,
837087,DERECHO,1142.75,,,
809934,DERECHO,898.125,,,
774167,DERECHO,1089.875,,,
722577,DERECHO,1193.625,,,
743381,DERECHO,755.25,,,
746898,DERECHO,876.375,,,
709010,DERECHO,507.25,,,
800305,DERECHO,951.125,,,
823612,DERECHO,1077.0,,,
779665,DERECHO,1298.875,123.0,ALCANZO VACANTE,
702688,DERECHO,1004.25,,,
699842,DERECHO,788.5,,,
769301,DERECHO,1069.125,,,
727771,DERECHO,1145.25,,,
730998,DERECHO,832.375,,,
764807,DERECHO,890.625,,,
725267,DERECHO,396.125,,,
751727,DERECHO,645.5,,,
743060,DERECHO,482.625,,,
844202,DERECHO,1262.875,,,
792088,DERECHO,561.0,,,
769894,DERECHO,759.25,,,
798840,DERECHO,1113.875,,,
740277,DERECHO,1266.125,,,
766174,DERECHO,848.375,,,
696388,DERECHO,1062.5,,,
798928,DERECHO,422.25,,,
733565,DERECHO,570.875,,,
812552,DERECHO,1343.875,70.0,ALCANZO VACANTE,
836969,DERECHO,502.625,,,
704250,DERECHO,1130.375,,,
796791,DERECHO,1244.625,,,
749866,DERECHO,744.25,,,
760736,DERECHO,1158.875,,,
796380,DERECHO,1080.75,,,
791634,DERECHO,662.25,,,
718349,DERECHO,728.0,,,
711049,DERECHO,639.75,,,
837591,DERECHO,724.375,,,
798345,DERECHO,1062.5,,,
804461,DERECHO,934.375,,,
749643,DERECHO,645.625,,,
730297,DERECHO,1325.125,89.0,ALCANZO VACANTE,
739907,DERECHO,658.25,,,
760882,DERECHO,996.25,,,
711239,DERECHO,1083.625,,,
774437,DERECHO,1098.75,,,
765891,DERECHO,762.625,,,
732846,DERECHO,721.625,,,
782636,DERECHO,1127.25,,,
768515,DERECHO,1219.375,,,
757916,DERECHO,1266.875,,,
815336,DERECHO,722.75,,,
757299,DERECHO,847.25,,,
702495,DERECHO,988.25,,,
740089,DERECHO,1186.375,,,
725289,DERECHO,1262.875,,,
749756,DERECHO,618.875,,,
736487,DERECHO,857.125,,,
731722,DERECHO,852.875,,,
748355,DERECHO,677.25,,,
773693,DERECHO,1126.375,,,
820375,DERECHO,1128.375,,,
834161,DERECHO,1265.75,,,
785435,DERECHO,737.5,,,
831228,DERECHO,1039.25,,,
798843,DERECHO,598.625,,,
833057,DERECHO,1008.5,,,
803046,DERECHO,726.125,,,
823952,DERECHO,1274.75,,,
773924,DERECHO,839.25,,,
704536,DERECHO,674.0,,,
711596,DERECHO,1121.875,,,
813234,DERECHO,1115.5,,,
701458,DERECHO,826.5,,,
715398,DERECHO,663.375,,,
750804,DERECHO,946.0,,,
736573,DERECHO,1054.5,,,
794410,DERECHO,938.375,,,
725491,DERECHO,885.5,,,
744911,DERECHO,1126.5,,,
801947,DERECHO,919.5,,,
841996,DERECHO,874.5,,,
697800,DERECHO,696.75,,,
799915,DERECHO,1292.0,130.0,ALCANZO VACANTE,
746422,DERECHO,748.75,,,
745761,DERECHO,725.625,,,
751155,DERECHO,919.875,,,
734238,DERECHO,1042.5,,,
790035,DERECHO,1169.25,,,
749611,DERECHO,778.125,,,
700551,DERECHO,570.25,,,
708223,DERECHO,681.0,,,
752462,DERECHO,540.25,,,
704392,DERECHO,995.125,,,
738998,DERECHO,1088.125,,,
783574,DERECHO,729.0,,,
721512,DERECHO,1075.625,,,
841437,DERECHO,1350.25,65.0,ALCANZO VACANTE,
817468,DERECHO,954.0,,,
713020,DERECHO,1266.875,,,
792632,DERECHO,1185.25,,,
740405,DERECHO,822.375,,,
793993,DERECHO,814.125,,,
744309,DERECHO,751.875,,,
780751,DERECHO,958.0,,,
716017,DERECHO,1218.75,,,
840533,DERECHO,909.125,,,
711410,DERECHO,692.5,,,
732912,DERECHO,389.875,,,
776665,DERECHO,663.375,,,
799273,DERECHO,800.125,,,
790181,DERECHO,1459.875,14.0,ALCANZO VACANTE,
799973,DERECHO,1409.625,33.0,ALCANZO VACANTE,
736581,DERECHO,1033.25,,,
724083,DERECHO,1069.625,,,
773397,DERECHO,806.125,,,
775847,DERECHO,919.75,,,
815807,DERECHO,1001.375,,,
734140,DERECHO,912.625,,,
790452,DERECHO,1238.25,,,
821195,DERECHO,940.875,,,
796209,DERECHO,1337.625,75.0,ALCANZO VACANTE,
828001,DERECHO,1048.125,,,
842586,DERECHO,880.25,,,
704565,DERECHO,1026.125,,,
732413,DERECHO,1195.5,,,
818823,DERECHO,1370.75,52.0,ALCANZO VACANTE,
840977,DERECHO,937.625,,,
732873,DERECHO,766.75,,,
730834,DERECHO,1090.375,,,
784619,DERECHO,1164.125,,,
713395,DERECHO,888.5,,,
803052,DERECHO,846.625,,,
707502,DERECHO,1156.125,,,
747039,DERECHO,851.125,,,
839726,DERECHO,1214.875,,,
773820,DERECHO,1192.625,,,
702993,DERECHO,798.125,,,
814917,DERECHO,791.0,,,
722676,DERECHO,734.625,,,
703977,DERECHO,891.75,,,
790281,DERECHO,1073.5,,,
747321,DERECHO,995.25,,,
841236,DERECHO,,,AUSENTE,
832926,DERECHO,937.0,,,
843058,DERECHO,899.75,,,
808980,DERECHO,483.625,,,
793247,DERECHO,1124.0,,,
711718,DERECHO,482.375,,,
831910,DERECHO,718.0,,,
822151,DERECHO,970.375,,,
803084,DERECHO,996.125,,,
696479,DERECHO,864.875,,,
763691,DERECHO,885.5,,,
758238,DERECHO,865.5,,,
844403,DERECHO,1109.875,,,
770282,DERECHO,965.25,,,
844119,DERECHO,599.875,,,
800614,DERECHO,1405.625,36.0,ALCANZO VACANTE,
727814,DERECHO,822.5,,,
768735,DERECHO,623.375,,,
757303,DERECHO,1005.125,,,
793475,DERECHO,1308.0,111.0,ALCANZO VACANTE,
802516,DERECHO,657.625,,,
807127,DERECHO,770.75,,,
762397,DERECHO,1109.875,,,
843988,DERECHO,832.25,,,
775231,DERECHO,857.25,,,
731854,DERECHO,589.125,,,
717614,DERECHO,569.75,,,
841854,DERECHO,763.625,,,
746520,DERECHO,810.125,,,
753842,DERECHO,872.375,,,
841301,DERECHO,1069.875,,,
788702,DERECHO,918.625,,,
766644,DERECHO,901.25,,,
731254,DERECHO,932.25,,,
759495,DERECHO,722.875,,,
721673,DERECHO,1252.625,,,
778092,DERECHO,1054.0,,,
758930,DERECHO,1160.125,,,
734430,DERECHO,1110.75,,,
783992,DERECHO,864.75,,,
730562,DERECHO,805.625,,,
766515,DERECHO,1555.75,5.0,ALCANZO VACANTE,
723050,DERECHO,657.875,,,
740932,DERECHO,1281.625,,,
796244,DERECHO,1162.375,,,
811259,DERECHO,1160.125,,,
701351,DERECHO,718.0,,,
822139,DERECHO,832.375,,,
811639,DERECHO,946.5,,,
751639,DERECHO,1417.625,27.0,ALCANZO VACANTE,
710951,DERECHO,1139.0,,,
812971,DERECHO,859.25,,,
827971,DERECHO,1096.0,,,
782566,DERECHO,890.875,,,
843113,DERECHO,741.0,,,
703129,DERECHO,676.375,,,
716358,DERECHO,1077.875,,,
734167,DERECHO,432.875,,,
784203,DERECHO,1204.625,,,
695516,DERECHO,1105.25,,,
794356,DERECHO,1107.5,,,
769477,DERECHO,1130.375,,,
797124,DERECHO,763.25,,,
764111,DERECHO,920.25,,,
698531,DERECHO,1322.0,94.0,ALCANZO VACANTE,
841100,DERECHO,1016.125,,,
702261,DERECHO,914.625,,,
811699,DERECHO,684.375,,,
727460,DERECHO,877.5,,,
781275,DERECHO,650.375,,,
794223,DERECHO,1246.875,,,
761374,DERECHO,885.375,,,
793371,DERECHO,536.625,,,
773769,DERECHO,841.5,,,
797429,DERECHO,760.625,,,
803930,DERECHO,1020.625,,,
731860,DERECHO,742.375,,,
761093,DERECHO,1080.75,,,
722604,DERECHO,764.125,,,
727578,DERECHO,1363.375,57.0,ALCANZO VACANTE,
821337,DERECHO,980.25,,,
738533,DERECHO,662.625,,,
774391,DERECHO,777.0,,,
751154,DERECHO,579.625,,,
776008,DERECHO,1037.375,,,
775367,DERECHO,927.75,,,
818508,DERECHO,536.875,,,
712231,DERECHO,715.125,,,
740998,DERECHO,1177.25,,,
743993,DERECHO,991.625,,,
749939,DERECHO,740.75,,,
803121,DERECHO,1113.875,,,
803609,DERECHO,1424.375,23.0,ALCANZO VACANTE,
760751,DERECHO,878.625,,,
810836,DERECHO,1114.5,,,
842842,DERECHO,834.625,,,
842529,DERECHO,589.375,,,
774826,DERECHO,808.25,,,
813874,DERECHO,1182.125,,,
785254,DERECHO,1364.5,56.0,ALCANZO VACANTE,
715593,DERECHO,966.5,,,
751786,DERECHO,966.375,,,
775695,DERECHO,681.0,,,
768611,DERECHO,982.0,,,
709919,DERECHO,766.25,,,
839272,DERECHO,1042.25,,,
706935,DERECHO,1058.5,,,
842376,DERECHO,856.875,,,
785323,DERECHO,1299.375,120.0,ALCANZO VACANTE,
706894,DERECHO,845.5,,,
730183,DERECHO,950.25,,,
726305,DERECHO,725.5,,,
703309,DERECHO,1078.25,,,
698111,DERECHO,1198.375,,,
712344,DERECHO,795.875,,,
794112,DERECHO,1241.75,,,
747662,DERECHO,678.25,,,
708760,DERECHO,1324.0,92.0,ALCANZO VACANTE,
699267,DERECHO,947.125,,,
773184,DERECHO,1127.0,,,
759423,DERECHO,1302.125,119.0,ALCANZO VACANTE,
754496,DERECHO,731.875,,,
804552,DERECHO,442.375,,,
777327,DERECHO,607.875,,,
790655,DERECHO,1040.625,,,
699952,DERECHO,1035.375,,,
825357,DERECHO,914.625,,,
786157,DERECHO,745.625,,,
816373,DERECHO,976.25,,,
786016,DERECHO,783.5,,,
731821,DERECHO,771.625,,,
713291,DERECHO,531.5,,,
733631,DERECHO,898.625,,,
761061,DERECHO,1219.5,,,
705677,DERECHO,733.625,,,
734682,DERECHO,730.125,,,
728362,DERECHO,897.5,,,
828672,DERECHO,797.5,,,
768046,DERECHO,645.5,,,
841466,DERECHO,1331.375,83.0,ALCANZO VACANTE,
815719,DERECHO,1253.125,,,
710992,DERECHO,909.375,,,
704288,DERECHO,1145.625,,,
785422,DERECHO,1167.5,,,
781376,DERECHO,866.125,,,
719071,DERECHO,1198.375,,,
753912,DERECHO,693.875,,,
724912,DERECHO,1166.75,,,
713184,DERECHO,870.25,,,
776030,DERECHO,1309.125,108.0,ALCANZO VACANTE,
770939,DERECHO,1164.125,,,
731054,DERECHO,1413.0,29.0,ALCANZO VACANTE,
707006,DERECHO,731.0,,,
819527,DERECHO,1236.875,,,
796099,DERECHO,816.875,,,
828738,DERECHO,924.875,,,
709940,DERECHO,550.125,,,
777890,DERECHO,667.75,,,
760923,DERECHO,882.5,,,
844860,DERECHO,1270.375,,,
783062,DERECHO,1135.0,,,
795086,DERECHO,648.5,,,
760407,DERECHO,793.0,,,
775721,DERECHO,844.25,,,
781023,DERECHO,950.0,,,
815128,DERECHO,805.0,,,
820222,DERECHO,719.5,,,
776636,DERECHO,776.25,,,
778023,DERECHO,855.25,,,
804688,DERECHO,624.0,,,
744697,DERECHO,532.5,,,
734639,DERECHO,1008.75,,,
715416,DERECHO,697.0,,,
821930,DERECHO,964.125,,,
761594,DERECHO,845.125,,,
803718,DERECHO,,,AUSENTE,
713708,DERECHO,735.0,,,
763887,DERECHO,975.875,,,
725644,DERECHO,1170.375,,,
710247,DERECHO,1302.25,118.0,ALCANZO VACANTE,
819628,DERECHO,503.625,,,
829715,DERECHO,516.0,,,
722117,DERECHO,747.625,,,
762636,DERECHO,1027.5,,,
793137,DERECHO,1454.125,16.0,ALCANZO VACANTE,
819698,DERECHO,788.625,,,
715944,DERECHO,1050.5,,,
746654,DERECHO,812.125,,,
823329,DERECHO,871.5,,,
784622,DERECHO,1072.75,,,
769828,DERECHO,1118.375,,,
730640,DERECHO,975.125,,,
732520,DERECHO,650.875,,,
843824,DERECHO,677.625,,,
742247,DERECHO,491.5,,,
755281,DERECHO,1170.375,,,
774191,DERECHO,960.0,,,
799676,DERECHO,733.625,,,
759109,DERECHO,797.0,,,
788158,DERECHO,1061.875,,,
711927,DERECHO,565.5,,,
714238,DERECHO,961.375,,,
768258,DERECHO,883.125,,,
771704,DERECHO,941.375,,,
760931,DERECHO,651.625,,,
745606,DERECHO,822.625,,,
837783,DERECHO,638.25,,,
732691,DERECHO,869.375,,,
811853,DERECHO,425.625,,,
736811,DERECHO,1384.5,40.0,ALCANZO VACANTE,
778282,DERECHO,1186.375,,,
706488,DERECHO,1040.5,,,
702048,DERECHO,804.375,,,
748290,DERECHO,782.625,,,
801622,DERECHO,797.0,,,
757372,DERECHO,1202.375,,,
736575,DERECHO,978.5,,,
789992,DERECHO,774.125,,,
730119,DERECHO,635.375,,,
808023,DERECHO,712.5,,,
739215,DERECHO,786.125,,,
756845,DERECHO,1076.375,,,
760227,DERECHO,1194.875,,,
722595,DERECHO,701.625,,,
814575,DERECHO,954.0,,,
705752,DERECHO,1013.25,,,
813972,DERECHO,507.75,,,
837878,DERECHO,934.0,,,
736224,DERECHO,1034.875,,,
821655,DERECHO,1080.75,,,
702497,DERECHO,774.0,,,
811327,DERECHO,643.25,,,
716737,DERECHO,670.25,,,
774154,DERECHO,737.625,,,
759776,DERECHO,1125.25,,,
781648,DERECHO,614.625,,,
766955,DERECHO,629.125,,,
741178,DERECHO,1433.0,22.0,ALCANZO VACANTE,
831461,DERECHO,1131.0,,,
795338,DERECHO,710.75,,,
836972,DERECHO,657.0,,,
698215,DERECHO,655.0,,,
809808,DERECHO,877.375,,,
735346,DERECHO,562.25,,,
786796,DERECHO,1020.25,,,
731022,DERECHO,1384.375,41.0,ALCANZO VACANTE,
767447,DERECHO,1195.5,,,
720397,DERECHO,584.0,,,
783096,DERECHO,1198.375,,,
778272,DERECHO,1171.25,,,
806356,DERECHO,1049.375,,,
748082,DERECHO,807.5,,,
732065,DERECHO,1244.625,,,
832550,DERECHO,989.75,,,
809463,DERECHO,417.0,,,
815750,DERECHO,1012.25,,,
793948,DERECHO,958.25,,,
833378,DERECHO,672.5,,,
795410,DERECHO,1378.75,45.0,ALCANZO VACANTE,
838119,DERECHO,1059.625,,,
796458,DERECHO,348.375,,,
719474,DERECHO,1075.0,,,
815545,DERECHO,581.875,,,
706311,DERECHO,1153.25,,,
788500,DERECHO,729.625,,,
826377,DERECHO,900.0,,,
757404,DERECHO,1302.75,117.0,ALCANZO VACANTE,
749333,DERECHO,855.75,,,
730901,DERECHO,613.375,,,
794573,DERECHO,597.125,,,
826222,DERECHO,580.0,,,
778898,DERECHO,690.5,,,
819190,DERECHO,1179.75,,,
739186,DERECHO,818.125,,,
705886,DERECHO,1372.875,47.0,ALCANZO VACANTE,
720794,DERECHO,1152.125,,,
800403,DERECHO,1210.375,,,
741526,DERECHO,770.75,,,
761962,DERECHO,1544.38,6.0,ALCANZO VACANTE,
838863,DERECHO,835.5,,,
789931,DERECHO,1003.625,,,
830401,DERECHO,604.875,,,
719052,DERECHO,875.75,,,
762959,DERECHO,1143.0,,,
761757,DERECHO,693.25,,,
758157,DERECHO,902.625,,,
750034,DERECHO,1590.63,2.0,ALCANZO VACANTE,
727527,DERECHO,745.0,,,
715940,DERECHO,461.5,,,
713042,DERECHO,731.25,,,
797814,DERECHO,451.625,,,
697511,DERECHO,774.375,,,
782390,DERECHO,826.125,,,
841481,DERECHO,830.5,,,
808462,DERECHO,1046.5,,,
793285,DERECHO,1129.875,,,
830517,DERECHO,737.625,,,
718253,DERECHO,1050.5,,,
789125,DERECHO,725.125,,,
697905,DERECHO,1172.625,,,
781976,DERECHO,1131.0,,,
718173,DERECHO,1009.75,,,
728916,DERECHO,819.75,,,
771475,DERECHO,1269.125,,,
791350,DERECHO,667.25,,,
763401,DERECHO,1037.875,,,
720021,DERECHO,939.75,,,
775930,DERECHO,1060.125,,,
746225,DERECHO,905.75,,,
842103,DERECHO,1029.25,,,
711170,DERECHO,878.625,,,
728401,DERECHO,1123.25,,,
724480,DERECHO,906.625,,,
735586,DERECHO,1025.375,,,
777135,DERECHO,1308.0,113.0,ALCANZO VACANTE,
720278,DERECHO,961.125,,,
711541,DERECHO,755.75,,,
779975,DERECHO,797.0,,,
746832,DERECHO,588.0,,,
817300,DERECHO,951.0,,,
818055,DERECHO,472.625,,,
842555,DERECHO,1371.25,51.0,ALCANZO VACANTE,
764490,DERECHO,905.625,,,
783470,DERECHO,685.25,,,
745405,DERECHO,684.5,,,
833265,DERECHO,692.5,,,
756564,DERECHO,898.375,,,
836025,DERECHO,1249.75,,,
708029,DERECHO,665.0,,,
773351,DERECHO,802.625,,,
830445,DERECHO,1008.25,,,
708549,DERECHO,1012.25,,,
820538,DERECHO,927.75,,,
726971,DERECHO,932.25,,,
733458,DERECHO,,,AUSENTE,
721010,DERECHO,1189.75,,,
809394,DERECHO,940.875,,,
765190,DERECHO,985.875,,,
791078,DERECHO,1012.75,,,
802782,DERECHO,898.625,,,
824786,DERECHO,572.875,,,
816489,DERECHO,688.375,,,
809541,DERECHO,520.25,,,
783053,DERECHO,717.0,,,
786580,DERECHO,1023.625,,,
707992,DERECHO,820.625,,,
726270,DERECHO,759.125,,,
740721,DERECHO,626.25,,,
760360,DERECHO,1105.75,,,
804692,DERECHO,999.625,,,
762041,DERECHO,1153.25,,,
711159,DERECHO,1248.625,,,
746196,DERECHO,519.5,,,
779037,DERECHO,500.625,,,
803571,DERECHO,913.375,,,
778165,DERECHO,1077.125,,,
810619,DERECHO,902.0,,,
815018,DERECHO,694.75,,,
771148,DERECHO,1022.875,,,
760404,DERECHO,819.25,,,
833696,DERECHO,928.875,,,
791387,DERECHO,1177.75,,,
791561,DERECHO,1053.875,,,
722668,DERECHO,819.75,,,
733533,DERECHO,539.375,,,
706870,DERECHO,830.5,,,
712309,DERECHO,1137.25,,,
792621,DERECHO,1261.125,,,
749516,DERECHO,1039.25,,,
696665,DERECHO,981.375,,,
831727,DERECHO,974.5,,,
696127,DERECHO,779.0,,,
753498,DERECHO,1316.0,98.0,ALCANZO VACANTE,
780643,DERECHO,1235.375,,,
731500,DERECHO,657.125,,,
839929,DERECHO,614.875,,,
739244,DERECHO,948.5,,,
741817,DERECHO,742.75,,,
708648,DERECHO,838.0,,,
756877,DERECHO,820.25,,,
705546,DERECHO,608.25,,,
801982,DERECHO,526.375,,,
759046,DERECHO,908.625,,,
831755,DERECHO,1144.125,,,
794949,DERECHO,679.75,,,
765949,DERECHO,800.25,,,
760647,DERECHO,927.125,,,
838124,DERECHO,,,AUSENTE,
799977,DERECHO,1062.375,,,
753249,DERECHO,847.75,,,
794292,DERECHO,1169.75,,,
817815,DERECHO,849.5,,,
695388,DERECHO,664.125,,,
729693,DERECHO,875.875,,,
775683,DERECHO,806.125,,,
802319,DERECHO,557.75,,,
745467,DERECHO,1265.75,,,
747425,DERECHO,1415.125,28.0,ALCANZO VACANTE,
708704,DERECHO,1223.875,,,
795458,DERECHO,1033.25,,,
696658,DERECHO,777.0,,,
819034,DERECHO,951.0,,,
758655,DERECHO,831.25,,,
837612,DERECHO,714.125,,,
762391,DERECHO,729.125,,,
741384,DERECHO,1313.125,100.0,ALCANZO VACANTE,
769590,DERECHO,1163.5,,,
729835,DERECHO,789.5,,,
729491,DERECHO,978.5,,,
816277,DERECHO,1077.125,,,
800958,DERECHO,762.125,,,
779039,DERECHO,739.25,,,
841248,DERECHO,1058.5,,,
839905,DERECHO,965.375,,,
838017,DERECHO,827.25,,,
772897,DERECHO,797.0,,,
723484,DERECHO,821.75,,,
778383,DERECHO,1059.625,,,
712700,DERECHO,1241.75,,,
788350,DERECHO,890.25,,,
789757,DERECHO,1074.875,,,
740092,DERECHO,657.0,,,
768359,DERECHO,1076.0,,,
732557,DERECHO,594.875,,,
844520,DERECHO,671.375,,,
829124,DERECHO,1163.375,,,
706028,DERECHO,578.5,,,
709277,DERECHO,1211.75,,,
739742,DERECHO,859.875,,,
841440,DERECHO,773.75,,,
722561,DERECHO,1177.75,,,
706593,DERECHO,792.5,,,
796605,DERECHO,1115.375,,,
774649,DERECHO,1178.375,,,
787347,DERECHO,923.75,,,
826573,DERECHO,887.125,,,
732071,DERECHO,883.5,,,
812330,DERECHO,1159.375,,,
740822,DERECHO,712.125,,,
737371,DERECHO,796.75,,,
770340,DERECHO,1077.875,,,
755728,DERECHO,800.75,,,
734746,DERECHO,1034.25,,,
763199,DERECHO,1287.375,,,
744729,DERECHO,758.875,,,
740891,DERECHO,840.375,,,
711648,DERECHO,1109.875,,,
800257,DERECHO,520.125,,,
803643,DERECHO,869.125,,,
775758,DERECHO,848.375,,,
826853,DERECHO,1027.0,,,
833202,DERECHO,1029.375,,,
743483,DERECHO,944.875,,,
802832,DERECHO,642.25,,,
722360,DERECHO,687.375,,,
792861,DERECHO,906.625,,,
758689,DERECHO,1007.875,,,
728471,DERECHO,712.125,,,
699672,DERECHO,1169.25,,,
751013,DERECHO,1227.5,,,
763680,DERECHO,1206.375,,,
735620,DERECHO,1055.5,,,
724978,DERECHO,,,AUSENTE,
828522,DERECHO,963.125,,,
834855,DERECHO,1418.125,26.0,ALCANZO VACANTE,
790913,DERECHO,844.25,,,
815973,DERECHO,978.0,,,
800923,DERECHO,577.625,,,
722682,DERECHO,564.75,,,
794355,DERECHO,838.5,,,
792856,DERECHO,1371.375,50.0,ALCANZO VACANTE,
757306,DERECHO,801.0,,,
760752,DERECHO,1442.75,20.0,ALCANZO VACANTE,
822067,DERECHO,1068.75,,,
796377,DERECHO,612.25,,,
754155,DERECHO,1030.25,,,
798067,DERECHO,861.5,,,
717026,DERECHO,1102.25,,,
701664,DERECHO,692.625,,,
724350,DERECHO,1244.625,,,
769857,DERECHO,685.625,,,
749649,DERECHO,1204.625,,,
776468,DERECHO,1013.75,,,
826092,DERECHO,737.5,,,
816152,DERECHO,1165.25,,,
842518,DERECHO,923.75,,,
746755,DERECHO,924.875,,,
832651,DERECHO,923.625,,,
730359,DERECHO,887.125,,,
790006,DERECHO,608.25,,,
791355,DERECHO,1098.875,,,
806959,DERECHO,974.0,,,
810372,DERECHO,616.625,,,
779491,DERECHO,773.5,,,
726453,DERECHO,1288.5,134.0,ALCANZO VACANTE,
781510,DERECHO,739.0,,,
836001,DERECHO,968.25,,,
804767,DERECHO,1100.75,,,
758145,DERECHO,810.5,,,
712558,DERECHO,766.0,,,
706523,DERECHO,1167.5,,,
805389,DERECHO,1087.5,,,
844516,DERECHO,1046.5,,,
771559,DERECHO,982.375,,,
820011,DERECHO,1008.25,,,
751146,DERECHO,571.625,,,
773528,DERECHO,691.75,,,
805750,DERECHO,953.125,,,
756068,DERECHO,868.0,,,
756628,DERECHO,929.125,,,
742988,DERECHO,1305.125,114.0,ALCANZO VACANTE,
799316,DERECHO,445.125,,,
705993,DERECHO,1266.25,,,
801022,DERECHO,1046.5,,,
734926,DERECHO,1379.375,44.0,ALCANZO VACANTE,
758266,DERECHO,1000.25,,,
819483,DERECHO,979.625,,,
754846,DERECHO,1245.75,,,
737335,DERECHO,999.125,,,
712271,DERECHO,757.375,,,
826150,DERECHO,881.5,,,
808742,DERECHO,1173.75,,,
813697,DERECHO,868.0,,,
782804,DERECHO,775.875,,,
782007,DERECHO,1244.5,,,
759281,DERECHO,828.75,,,
780650,DERECHO,580.125,,,
729520,DERECHO,872.375,,,
701626,DERECHO,792.25,,,
837574,DERECHO,934.75,,,
738627,DERECHO,1104.75,,,
713945,DERECHO,705.375,,,
836199,DERECHO,1190.125,,,
736463,DERECHO,519.375,,,
820853,DERECHO,1206.375,,,
794324,DERECHO,677.0,,,
826440,DERECHO,650.25,,,
777012,DERECHO,1286.25,,,
773380,DERECHO,1457.5,15.0,ALCANZO VACANTE,
840369,DERECHO,1138.75,,,
833533,DERECHO,1106.625,,,
729103,DERECHO,911.625,,,
778315,DERECHO,974.0,,,
709656,DERECHO,460.5,,,
755405,DERECHO,923.75,,,
837189,DERECHO,1298.875,124.0,ALCANZO VACANTE,
768183,DERECHO,1144.125,,,
754751,DERECHO,712.25,,,
776885,DERECHO,754.75,,,
817673,DERECHO,843.75,,,
721458,DERECHO,777.5,,,
768811,DERECHO,486.875,,,
774363,DERECHO,784.875,,,
733208,DERECHO,669.5,,,
779453,DERECHO,1065.75,,,
806784,DERECHO,825.125,,,
794323,DERECHO,470.625,,,
775549,DERECHO,685.25,,,
751329,DERECHO,901.5,,,
822915,DERECHO,1104.75,,,
787587,DERECHO,1026.625,,,
801199,DERECHO,745.0,,,
715972,DERECHO,1030.5,,,
788043,DERECHO,511.25,,,
720211,DERECHO,972.5,,,
734262,DERECHO,619.75,,,
717446,DERECHO,1108.125,,,
718425,DERECHO,1101.875,,,
709552,DERECHO,902.625,,,
817778,DERECHO,1717.37,1.0,ALCANZO VACANTE,
756080,DERECHO,1324.5,90.0,ALCANZO VACANTE,
743763,DERECHO,566.875,,,
840461,DERECHO,595.75,,,
842280,DERECHO,1041.375,,,
708472,DERECHO,751.875,,,
838758,DERECHO,962.125,,,
700270,DERECHO,885.5,,,
831638,DERECHO,868.375,,,
767878,DERECHO,1380.5,43.0,ALCANZO VACANTE,
798795,DERECHO,992.125,,,
787315,DERECHO,427.625,,,
794243,DERECHO,1125.875,,,
803359,DERECHO,823.25,,,
773220,DERECHO,555.5,,,
697520,DERECHO,1068.125,,,
772266,DERECHO,1017.375,,,
789132,DERECHO,1101.875,,,
729728,DERECHO,1135.75,,,
733038,DERECHO,1166.375,,,
763992,DERECHO,708.375,,,
821264,DERECHO,,,AUSENTE,
791399,DERECHO,,,AUSENTE,
753417,DERECHO,1115.375,,,
761308,DERECHO,1075.625,,,
714754,DERECHO,1328.375,88.0,ALCANZO VACANTE,
756992,DERECHO,1148.125,,,
765944,DERECHO,568.75,,,
804350,DERECHO,925.125,,,
734439,DERECHO,1017.875,,,
793153,DERECHO,813.75,,,
722610,DERECHO,1093.75,,,
791080,DERECHO,697.0,,,
700166,DERECHO,1261.75,,,
841828,DERECHO,791.25,,,
773358,DERECHO,1025.375,,,
771894,DERECHO,773.5,,,
841220,DERECHO,755.875,,,
810697,DERECHO,975.125,,,
806568,DERECHO,789.0,,,
786640,DERECHO,664.875,,,
696573,DERECHO,,,AUSENTE,
795094,DERECHO,1146.375,,,
710910,DERECHO,1108.5,,,
810761,DERECHO,871.75,,,
814288,DERECHO,1084.125,,,
785923,DERECHO,791.5,,,
817958,DERECHO,1161.25,,,
795615,DERECHO,779.875,,,
807277,DERECHO,998.375,,,
777120,DERECHO,1085.25,,,
794579,DERECHO,417.625,,,
737682,DERECHO,814.625,,,
749834,DERECHO,1336.375,77.0,ALCANZO VACANTE,
700757,DERECHO,1025.375,,,
744595,DERECHO,996.25,,,
740579,DERECHO,548.625,,,
706240,DERECHO,502.5,,,
726589,DERECHO,1037.375,,,
712767,DERECHO,971.75,,,
813903,DERECHO,577.625,,,
839202,DERECHO,628.5,,,
746021,DERECHO,682.25,,,
835714,DERECHO,727.875,,,
706839,DERECHO,768.875,,,
807208,DERECHO,1104.0,,,
713601,DERECHO,555.625,,,
715632,DERECHO,1062.5,,,
820503,DERECHO,811.125,,,
752487,DERECHO,1348.5,67.0,ALCANZO VACANTE,
709703,DERECHO,987.125,,,
824618,DERECHO,755.0,,,
833931,DERECHO,,,AUSENTE,
715665,DERECHO,1002.375,,,
766089,DERECHO,858.625,,,
805322,DERECHO,1054.375,,,
706690,DERECHO,1138.625,,,
829087,DERECHO,1132.125,,,
767244,DERECHO,1003.0,,,
823014,DERECHO,559.75,,,
714509,DERECHO,1034.5,,,
708295,DERECHO,801.875,,,
754682,DERECHO,1146.875,,,
750850,DERECHO,1067.5,,,
702269,DERECHO,827.25,,,
839508,DERECHO,809.375,,,
716982,DERECHO,880.75,,,
776946,DERECHO,869.25,,,
737223,DERECHO,1244.625,,,
821962,DERECHO,1170.875,,,
798270,DERECHO,1004.25,,,
776279,DERECHO,839.5,,,
716601,DERECHO,683.375,,,
758409,DERECHO,850.0,,,
741734,DERECHO,875.75,,,
732934,DERECHO,1244.0,,,
820008,DERECHO,1185.25,,,
835672,DERECHO,718.5,,,
836653,DERECHO,775.5,,,
765107,DERECHO,1092.75,,,
709306,DERECHO,717.25,,,
830164,DERECHO,834.5,,,
783722,DERECHO,1244.625,,,
838651,DERECHO,1139.0,,,
822568,DERECHO,916.875,,,
731196,DERECHO,948.75,,,
697749,DERECHO,1041.375,,,
698841,DERECHO,831.25,,,
827681,DERECHO,765.0,,,
745365,DERECHO,602.875,,,
715700,DERECHO,1135.0,,,
815059,DERECHO,775.875,,,
707142,DERECHO,1313.125,101.0,ALCANZO VACANTE,
811279,DERECHO,1210.375,,,
803741,DERECHO,1158.375,,,
710183,DERECHO,1012.25,,,
704739,DERECHO,677.625,,,
821444,DERECHO,1121.875,,,
785671,DERECHO,996.25,,,
742815,DERECHO,1452.375,18.0,ALCANZO VACANTE,
697693,DERECHO,1042.5,,,
755247,DERECHO,814.125,,,
754122,DERECHO,812.375,,,
844689,DERECHO,670.125,,,
735314,DERECHO,918.25,,,
754088,DERECHO,1009.25,,,
780676,DERECHO,900.25,,,
734014,DERECHO,1072.625,,,
703966,DERECHO,1066.875,,,
700969,DERECHO,831.25,,,
766297,DERECHO,649.5,,,
796878,DERECHO,895.75,,,
832617,DERECHO,1050.5,,,
770971,DERECHO,832.5,,,
839271,DERECHO,1110.875,,,
820821,DERECHO,713.625,,,
822802,DERECHO,1087.375,,,
821224,DERECHO,1240.625,,,
729040,DERECHO,754.75,,,
721738,DERECHO,367.25,,,
709627,DERECHO,882.875,,,
822845,DERECHO,814.5,,,
795479,DERECHO,777.0,,,
840841,DERECHO,954.875,,,
744810,DERECHO,957.375,,,
723719,DERECHO,970.0,,,
789013,DERECHO,776.875,,,
721243,DERECHO,1147.5,,,
703167,DERECHO,643.875,,,
791195,DERECHO,1206.0,,,
804104,DERECHO,894.25,,,
821418,DERECHO,1104.5,,,
821339,DERECHO,641.375,,,
813692,DERECHO,694.125,,,
721324,DERECHO,822.125,,,
832223,DERECHO,973.375,,,
792922,DERECHO,1239.5,,,
697270,DERECHO,975.125,,,
788115,DERECHO,1216.0,,,
836138,DERECHO,1125.875,,,
780224,DERECHO,1196.0,,,
746860,DERECHO,526.625,,,
773103,DERECHO,885.75,,,
815968,DERECHO,761.25,,,
797712,DERECHO,820.875,,,
710854,DERECHO,1004.25,,,
728112,DERECHO,1124.0,,,
731297,DERECHO,1255.875,,,
748606,DERECHO,911.125,,,
766680,DERECHO,838.875,,,
817538,DERECHO,825.5,,,
763996,DERECHO,831.25,,,
709376,DERECHO,797.0,,,
743167,DERECHO,1191.75,,,
706803,DERECHO,833.125,,,
706344,DERECHO,897.375,,,
727383,DERECHO,1333.125,82.0,ALCANZO VACANTE,
811244,DERECHO,738.0,,,
792868,DERECHO,836.25,,,
754265,DERECHO,1087.625,,,
814879,DERECHO,642.375,,,
752718,DERECHO,605.625,,,
700766,DERECHO,881.5,,,
705124,DERECHO,877.0,,,
788607,DERECHO,1150.375,,,
758866,DERECHO,843.75,,,
826570,DERECHO,733.625,,,
712413,DERECHO,1329.125,86.0,ALCANZO VACANTE,
717510,DERECHO,1251.375,,,
792485,DERECHO,864.625,,,
785922,DERECHO,848.375,,,
785384,DERECHO,1124.125,,,
797119,DERECHO,1068.0,,,
696883,DERECHO,796.25,,,
798830,DERECHO,1157.25,,,
831701,DERECHO,742.75,,,
755482,DERECHO,752.75,,,
807764,DERECHO,886.625,,,
821696,DERECHO,857.125,,,
820496,DERECHO,991.5,,,
731222,DERECHO,910.625,,,
773691,DERECHO,513.75,,,
746993,DERECHO,875.625,,,
753384,DERECHO,971.125,,,
727083,DERECHO,692.5,,,
770415,DERECHO,641.375,,,
703729,DERECHO,838.375,,,
732838,DERECHO,874.625,,,
838512,DERECHO,1196.5,,,
711018,DERECHO,924.875,,,
725709,DERECHO,1011.5,,,
709109,DERECHO,900.0,,,
792158,DERECHO,679.625,,,
827198,DERECHO,695.375,,,
742395,DERECHO,547.875,,,
777719,DERECHO,1019.75,,,
786086,DERECHO,617.125,,,
836132,DERECHO,1075.625,,,
700960,DERECHO,808.125,,,
778303,DERECHO,927.75,,,
740335,DERECHO,1020.125,,,
832437,DERECHO,551.5,,,
790762,DERECHO,1100.75,,,
802557,DERECHO,910.5,,,
766020,DERECHO,918.5,,,
771058,DERECHO,770.75,,,
710287,DERECHO,1240.5,,,
789436,DERECHO,1278.25,,,
844400,DERECHO,1439.25,21.0,ALCANZO VACANTE,
835090,DERECHO,1164.125,,,
761592,DERECHO,1160.125,,,
710771,DERECHO,1125.875,,,
771672,DERECHO,747.5,,,
757370,DERECHO,635.25,,,
761902,DERECHO,841.25,,,
807098,DERECHO,916.75,,,
791208,DERECHO,1016.25,,,
737755,DERECHO,452.0,,,
790941,DERECHO,891.625,,,
745006,DERECHO,924.875,,,
713360,DERECHO,741.5,,,
751143,DERECHO,886.625,,,
743269,DERECHO,744.75,,,
813721,DERECHO,580.75,,,
747005,DERECHO,760.625,,,
777154,DERECHO,1015.625,,,
718413,DERECHO,1219.25,,,
771220,DERECHO,526.375,,,
